-- Astra Obfuscator | Custom VM Engine (Reverted & Fixed)
-- Protected with bytecode virtual machine (v2.2.7 (Self-Opcode Verified))
-- Build Date: 2026-03-23
-- Protection Strength: Medium | Security Level: Standard

local function BDWF9T8rBlX(LYXvy4,gmfeMk) local zRLdlUw=LYXvy4+gmfeMk*73682 if zRLdlUw>32662 then return tostring(zRLdlUw) end return zRLdlUw end
local tFA2f7Xe_CBuSc55l=(function() local eyyzMV=25246 return function(zI63s5) eyyzMV=(eyyzMV*79703+(zI63s5 or 0))%2147483647 return eyyzMV end end)()
local ZhdPM18DZxz1k4c=(function() local Vcxi2N=20590 return function(sykcZJ) Vcxi2N=(Vcxi2N*80368+(sykcZJ or 0))%2147483647 return Vcxi2N end end)()

local function GfsTDsL(BU5soKkYhx,EcM9jfcP2j)
  local GMCzsat36A=0
  local KF5fMjKCxEx=1
  for R63KxiU3U=0,7 do
    if math.floor(BU5soKkYhx/KF5fMjKCxEx)%2~=math.floor(EcM9jfcP2j/KF5fMjKCxEx)%2 then GMCzsat36A=GMCzsat36A+KF5fMjKCxEx end
    KF5fMjKCxEx=KF5fMjKCxEx*2
  end
  return GMCzsat36A
end

local ad5UpekJnTG={70,194,16,1,228,137,207,177,200,98,53,204,107,109,52,253,38,74,134,159,217,250,45,114,122,173,121,213,74,138,251,18}

local function XwOOF2BHM_g(BU5soKkYhx)
  local GMCzsat36A={}
  for R63KxiU3U=1,#BU5soKkYhx do
    GMCzsat36A[R63KxiU3U]=GfsTDsL(BU5soKkYhx[R63KxiU3U],ad5UpekJnTG[((R63KxiU3U-1)%#ad5UpekJnTG)+1])
  end
  return GMCzsat36A
end

local function GFHxNO(HY_Nb89Iif,ngFWStii)
  local VdOkeI7dHk=XwOOF2BHM_g(ngFWStii)
  local PnOeML2={}
  for R63KxiU3U=1,#VdOkeI7dHk do PnOeML2[R63KxiU3U]=string.char(VdOkeI7dHk[R63KxiU3U]) end
  PnOeML2=table.concat(PnOeML2)
  if HY_Nb89Iif==0 then return tonumber(PnOeML2) else return PnOeML2 end
end

local MrtKAlj8mq={}
MrtKAlj8mq[1]={
  code={107,194,16,38,228,137,67,177,201,238,53,206,72,109,55,73,38,74,171,159,221,162,85,112,122,173,1,212,75,139,131,18,71,194,55,1,229,5,207,176,68,98,55,239,107,110,128,253,38,103,134,154,129,130,47,114,122,213,120,212,75,242,251,19,70,229,16,3,104,137,206,61,200,96,22,204,104,217,52,253,11,74,128,199,161,248,45,114,2,172,120,212,50,138,250,18,97,194,19,141,228,136,67,177,202,65,53,207,70,109,51,133,36,74,134,231,216,251,44,10,122,172,121,242,74,142,79,18,71,225,16,9,22,215,226,177,193,79,53,198,187,51,25,253,45,103,134,147,9,164,0,114,119,128,121,219,154,212,214,18,73,190,192,95,201,137,223,61,200,115,24,204,121,24,25,253,53,103,134,139,244,250,62,95,122,184,1,209,75,138,43,106,68,195,16,38,228,140,61,239,229,98,35,120,107,104,23,253,49,103,134,135,244,250,52,10,121,172,121,5,20,167,251,8,242,194,21,34,228,158,226,177,211,79,53,208,19,110,53,253,246,20,171,159,196,78,45,119,89,173,110,248,74,148,214,18,89,186,19,0,228,89,232,177,206,214,53,202,70,109,34,136,5,74,166,178,217,219,0,114,88,213,122,212,74,173,251,21,242,194,23,34,228,170,226,177,236,144,107,225,107,72,25,253,0,154,216,178,217,221,81,162,36,128,121,253,225,138,250,19,71,194,20,209,156,138,207,177,124,98,50,239,107,68,25,253,12,184,216,178,217,223,0,114,81,125,39,248,74,173,214,18,106,18,78,44,228,164,226,177,230,178,107,225,107,66,25,253,22,154,216,178,217,203,0,114,84,125,39,248,74,162,80,18,68,195,17,1,224,89,183,178,200,98,129,204,109,64,52,235,83,105,134,191,244,250,31,95,122,158,1,214,75,138,220,18,78,118,16,9,199,137,236,156,200,86,199,146,70,109,17,208,38,127,86,193,244,250,10,14,170,243,84,213,98,33,251,17,71,195,16,5,52,241,204,177,200,214,53,196,72,109,23,208,38,124,116,193,244,250,8,95,122,154,169,139,103,138,220,110,150,156,61,1,204,34,207,181,201,99,53,200,187,21,55,253,38,254,134,151,250,250,14,95,122,149,139,139,103,138,222,63,70,251,192,95,201,137,232,205,24,60,24,204,67,198,52,248,39,75,134,155,9,130,46,114,122,25,121,221,105,138,210,63,70,248,226,95,201,137,234,156,200,89,229,146,70,109,19,208,38,118,86,193,244,250,0,95,122,131,169,139,103,138,212,63,70,255,192,95,201,137,254,156,200,76,229,146,70,109,28,86,38,76,135,158,217,254,253,10,121,173,121,97,74,130,216,18,120,48,78,44,228,172,226,177,247,178,107,225,107,45,159,253,33,75,135,159,221,42,85,112,122,173,205,213,76,167,251,4,51,225,16,33,201,137,142,156,200,32,77,207,106,109,19,253,47,254,134,150,250,250,14,95,122,238,139,139,103,138,222,63,70,134,192,95,201,137,232,205,24,60,24,204,67,198,52,245,39,75,134,155,9,130,46,114,122,25,121,220,105,138,210,63,70,135,226,95,201,137,234,156,200,89,229,146,70,109,19,208,38,118,86,193,244,250,0,95,122,131,169,139,103,138,212,63,70,255,192,95,201,137,254,156,200,76,229,146,70,109,28,86,38,67,135,158,217,254,253,10,121,173,121,97,74,131,216,18,120,48,78,44,228,172,226,177,142,178,107,225,107,45,159,253,44,75,135,159,221,42,85,112,122,173,205,213,76,167,251,4,51,225,16,70,201,137,135,156,200,43,77,207,106,109,19,253,44,254,134,149,250,250,14,95,122,231,139,139,103,138,222,63,70,137,192,95,201,137,232,205,24,60,24,204,67,198,52,246,39,75,134,155,9,130,46,114,122,25,121,223,105,138,216,63,70,142,226,95,201,137,234,156,200,47,229,146,70,109,19,129,246,20,171,159,241,81,45,126,123,172,121,209,154,242,248,18,70,118,16,11,199,137,241,67,150,79,53,233,70,109,122,45,120,103,134,223,114,250,32,115,123,173,125,5,50,136,251,18,242,194,22,44,228,159,186,146,200,37,24,204,36,64,52,173,94,73,135,159,254,250,38,198,122,166,90,213,105,167,251,67,180,156,61,1,193,164,207,227,24,60,24,204,76,17,228,163,11,74,174,52,217,244,44,115,122,169,169,173,73,138,251,166,70,201,51,1,199,164,207,226,58,60,24,204,78,64,52,169,246,20,171,159,254,184,253,44,87,173,81,126,74,133,250,19,70,198,192,121,231,137,207,5,200,105,22,204,72,64,52,168,212,20,171,159,252,215,45,36,170,243,84,213,109,200,43,76,107,194,56,170,228,153,206,176,200,102,229,180,104,109,52,73,38,65,165,159,240,215,45,37,136,243,84,213,111,167,251,41,150,156,61,1,195,164,207,141,24,60,24,204,70,64,52,211,246,20,171,159,246,215,45,79,170,243,84,213,123,167,251,60,150,156,61,1,204,34,207,160,201,99,53,200,187,21,55,253,38,254,134,148,250,250,19,128,36,128,121,240,103,138,163,194,24,239,16,65,79,137,221,176,201,98,49,28,19,111,52,253,146,74,128,178,217,224,88,81,122,141,84,213,19,167,251,14,62,193,17,1,195,137,195,5,200,110,22,204,72,64,52,167,212,20,171,159,252,215,45,41,170,243,84,213,109,246,43,76,107,194,56,170,228,154,206,176,200,102,229,180,104,109,52,73,38,76,171,159,195,143,14,114,90,128,121,137,103,138,166,106,69,195,16,38,228,132,123,177,197,65,53,146,70,109,107,133,36,74,134,43,217,247,14,114,68,95,39,248,74,175,214,18,38,18,78,44,228,201,100,177,220,99,52,204,106,189,76,255,38,74,50,159,223,215,45,104,15,142,121,146,103,138,154,63,70,219,104,2,229,137,232,177,198,214,53,194,72,109,23,208,38,40,116,193,244,250,8,95,122,204,169,139,103,138,220,110,150,156,61,1,204,34,207,164,201,99,53,200,187,21,55,253,38,254,134,145,250,250,78,95,122,201,139,139,103,138,158,166,70,198,61,1,130,252,31,239,229,98,18,225,107,10,228,163,11,74,163,178,217,146,253,44,87,173,81,126,74,156,250,19,70,198,192,121,231,137,207,5,200,108,22,204,85,159,106,208,38,111,171,159,176,42,115,95,122,237,210,213,93,139,250,18,66,18,104,3,228,137,123,177,206,79,53,209,30,78,52,221,11,74,236,178,217,145,85,113,123,173,94,213,69,62,251,29,101,194,51,44,228,229,61,239,229,98,16,225,107,0,228,163,11,74,161,227,9,164,0,114,82,6,121,205,75,139,251,22,150,186,19,1,228,61,207,183,229,98,40,185,72,109,20,208,38,36,171,159,192,130,46,115,122,138,121,197,254,138,235,49,70,225,61,1,139,123,145,156,200,71,24,204,27,189,106,208,38,109,250,79,135,215,45,90,209,173,96,212,75,138,255,194,62,193,16,1,80,137,223,146,200,65,24,204,26,159,106,208,38,111,171,159,171,42,115,95,122,138,5,5,20,167,251,58,237,194,10,0,229,137,203,97,176,97,53,204,223,109,36,222,38,105,171,159,170,8,115,95,122,136,84,213,62,90,165,63,70,229,108,209,186,164,207,153,99,98,46,205,106,109,48,45,94,73,134,159,109,250,43,95,122,176,12,246,74,205,214,18,14,239,16,72,156,138,206,177,239,98,36,120,107,124,23,253,5,103,134,213,43,164,0,114,95,128,121,158,154,212,214,18,97,190,192,95,201,137,231,26,200,126,52,205,107,105,228,133,37,74,134,43,217,235,14,114,89,128,121,153,184,212,214,18,99,239,16,76,52,215,226,177,239,30,229,146,70,109,28,86,38,87,135,158,217,254,253,10,121,173,121,97,74,155,216,18,120,48,78,44,228,172,226,177,189,178,107,225,107,45,159,253,56,75,135,159,221,42,85,112,122,173,205,213,76,167,251,15,51,225,16,70,201,137,185,156,200,21,77,207,106,109,19,253,52,254,134,141,250,250,14,95,122,213,139,139,103,138,220,166,70,195,61,1,157,252,226,177,178,23,229,146,70,109,17,208,38,49,86,193,244,250,5,217,122,178,120,212,74,139,43,106,69,194,16,181,228,155,236,177,235,79,53,195,153,51,25,253,3,103,134,227,9,164,0,114,93,209,169,139,103,138,211,185,70,226,17,0,228,136,31,201,203,98,53,120,107,127,23,253,69,103,134,226,43,164,0,114,31,95,39,248,74,164,214,18,56,18,78,44,228,246,226,177,198,178,229,146,70,109,19,208,38,68,86,193,244,250,8,95,122,45,169,139,103,138,211,185,70,227,17,0,228,136,31,201,203,98,53,120,107,127,23,253,24,103,134,30,114,250,15,115,123,173,120,173,73,138,251,166,70,192,51,1,102,61,207,176,176,96,53,204,223,109,55,222,38,200,50,159,216,130,47,114,122,25,121,214,105,138,120,106,71,194,16,181,228,138,236,177,76,144,107,225,107,67,25,253,163,154,254,157,217,250,153,114,120,142,121,83,103,138,124,106,68,194,16,181,228,138,236,177,78,79,53,75,19,111,52,253,146,74,133,188,217,114,153,114,124,128,121,200,63,242,249,18,70,118,16,3,199,137,70,5,200,100,24,204,118,24,76,255,38,74,10,159,219,217,45,248,206,173,125,248,74,1,142,106,68,194,16,181,228,138,236,177,68,26,52,204,107,23},
  nparams=0,
  nlocals=19,
  consts={
    GFHxNO(1,{46,182,100,113,151,179,224,158,186,3,66,226,12,4,64,149,83,40,243,236,188,136,78,29,20,217,28,187,62,164,152,125,43,237,116,100,141,255,166,213,171,13,88,191,4,3,91,210,105,40,245,246,189,147,76,28,85,192,24,188,36,165}),
    GFHxNO(1,{42,173,113,101,151,253,189,216,166,5}),
    GFHxNO(1,{33,163,125,100}),
    GFHxNO(1,{14,182,100,113,163,236,187}),
    GFHxNO(1,{10,171,114,115,133,251,182,159,164,23,84}),
    GFHxNO(1,{39,166,116,110,138,250,224,229,160,7,88,169,38,12,90,156,65,47,244,177,181,143,76}),
    GFHxNO(1,{39,166,116,110,138,250,224,226,169,20,80,129,10,3,85,154,67,56,168,243,172,155}),
    GFHxNO(1,{46,182,100,113,151,179,224,158,186,3,66,226,12,4,64,149,83,40,243,236,188,136,78,29,20,217,28,187,62,164,152,125,43,237,115,105,129,234,164,196,186,3,70,191,3,2,88,152,9,3,200,212,246,151,76,27,20,130,20,186,46,255,151,119,117,236,124,116,133}),
    GFHxNO(1,{5,176,117,96,144,236,152,216,166,6,90,187}),
    GFHxNO(1,{18,171,100,109,129}),
    GFHxNO(1,{5,141,93,67,171,214,152,248,139,41}),
    GFHxNO(1,{15,161,127,111}),
    GFHxNO(0,{113,245,35,53,212,191,247,130,250,83}),
    GFHxNO(1,{8,173,100,104,130,240,156,216,172,7}),
    GFHxNO(1,{20,171,119,105,144}),
    GFHxNO(1,{21,170,127,118,167,252,188,197,167,15,118,185,25,30,91,143}),
    GFHxNO(1,{21,171,106,100}),
    GFHxNO(1,{19,134,121,108,214}),
    GFHxNO(1,{40,167,103}),
    GFHxNO(0,{118}),
    GFHxNO(0,{115,242,32}),
    GFHxNO(0,{114,242,32}),
    GFHxNO(1,{11,163,121,111}),
    GFHxNO(1,{7,166,116,85,133,235}),
    GFHxNO(1,{22,176,121,111,135,224,191,208,164,66}),
    GFHxNO(1,{60,163,96}),
    GFHxNO(1,{7,175,114,100,150}),
    GFHxNO(1,{7,175,114,115,129,169}),
    GFHxNO(1,{33,167,125}),
    GFHxNO(1,{19,182,121,109,141,253,182}),
    GFHxNO(1,{22,163,98,96,137,74,103,197,186,7,70,236}),
    GFHxNO(1,{49,176,117,111,135,225}),
    GFHxNO(1,{7,166,116,77,129,239,187,246,186,13,64,188,9,2,76}),
    GFHxNO(1,{16,171,100,100,151,250,170,145,172,7,21,161,10,31,87,149,67,106}),
    GFHxNO(1,{39,161,100,104,146,224,187,200}),
    GFHxNO(1,{7,166,116,85,139,238,168,221,173}),
    GFHxNO(1,{17,163,124,106,151,249,170,212,172,54,90,171,12,1,81}),
    GFHxNO(1,{18,167,104,117}),
    GFHxNO(1,{7,161,100,104,146,236,189,145,164,3,21,186,2,25,81,142,85,47,166,251,188,218,64,19,8,206,17,176}),
    GFHxNO(1,{2,167,118,96,145,229,187}),
    GFHxNO(1,{5,163,124,109,134,232,172,218}),
    GFHxNO(1,{7,166,116,82,136,224,171,212,186}),
    GFHxNO(1,{17,163,124,106,151,249,170,212,172,49,89,165,15,8,70}),
    GFHxNO(1,{16,163,124,100,145,251,239,213,173,66,89,173,75,27,93,137,67,57,245,250,249,158,72,82,23,204,11,182,34,239}),
    GFHxNO(0,{119,244}),
    GFHxNO(1,{11,171,126}),
    GFHxNO(0,{119}),
    GFHxNO(1,{11,163,104}),
    GFHxNO(0,{119,247,32}),
    GFHxNO(1,{20,173,101,111,128,224,161,214}),
    GFHxNO(1,{0,167,98,108,129,169,174,223,161,15,84,160,14}),
    GFHxNO(1,{37,176,127,114,151,225,174,216,186}),
    GFHxNO(1,{3,145,64,85,139,238,168,221,173}),
    GFHxNO(1,{8,173,125,33,161,218,159}),
    GFHxNO(1,{14,171,119,105,136,224,168,217,188,54,90,171,12,1,81}),
    GFHxNO(1,{11,163,98,112,145,236,186,195,232,39,102,156}),
    GFHxNO(1,{8,146,83,85,129,229,170,193,167,16,65,152,4,10,83,145,67}),
    GFHxNO(1,{18,1,185,109,39,32,191,222,186,22,80,190,75,12,65,133,6,41,238,92,113,140,95,23,9}),
    GFHxNO(1,{8,146,83,69,141,250,187,208,166,1,80}),
    GFHxNO(1,{2,171,99,117,133,231,172,212,232,6,80,190,25,4,247,85,84,47}),
    GFHxNO(0,{115}),
    GFHxNO(0,{119,242,32}),
    GFHxNO(1,{7,166,116,67,145,253,187,222,166}),
    GFHxNO(1,{8,146,83,33,151,252,166,199,169,12,65}),
    GFHxNO(1,{0,183,126,98}),
    GFHxNO(1,{0,167,98,108,129,169,171,212,232,0,90,191,24}),
    GFHxNO(1,{53,169,101,109,136}),
    GFHxNO(1,{4,173,99,114,176,236,163,212,184,13,71,184,63,2,83,154,74,47}),
    GFHxNO(1,{18,1,185,109,39,32,191,222,186,22,80,190,75,12,65,221,68,37,245,236,249,190,0,32,31,213}),
    GFHxNO(1,{4,173,99,114,160,224,188,197,169,12,86,169}),
    GFHxNO(1,{4,173,99,114,196,250,186,216,190,3,91,184}),
    GFHxNO(1,{7,166,116,83,141,238,167,197,143,16,90,185,27,15,91,133}),
    GFHxNO(1,{5,173,125,99,133,253}),
    GFHxNO(1,{53,181,127,115,128}),
    GFHxNO(1,{7,183,100,110,165,253,187,208,171,9,97,163,12,10,88,152}),
    GFHxNO(1,{7,182,100,96,149,252,170,145,169,23,65,163,6,12,64,148,87,63,227}),
    GFHxNO(1,{7,183,100,110,172,236,174,199,177,54,90,171,12,1,81}),
    GFHxNO(1,{11,173,116,100,196,234,160,220,170,3,65}),
    GFHxNO(1,{2,1,185,114,133,249,191,208,186,11,65,165,4,3,20,148,72,57,242,254,183,142,76,28,185,4,28}),
    GFHxNO(1,{0,167,98,108,129,169,171,212,232,8,90,185,14,24,70,142}),
    GFHxNO(1,{51,177,117,115,151}),
    GFHxNO(1,{18,167,124,100,148,230,189,197,156,13,82,171,7,8}),
    GFHxNO(1,{18,1,185,109,39,32,191,222,186,22,80,190,75,12,65,133,6,32,233,234,188,143,95,1}),
    GFHxNO(1,{18,163,98,102,129,253,130,222,190,11,91,171,63,2,83,154,74,47}),
    GFHxNO(1,{5,171,114,109,129,169,170,223,232,15,90,185,29,8,89,152,72,62}),
    GFHxNO(1,{18,163,98,102,129,253,156,197,161,14,89,152,4,10,83,145,67}),
    GFHxNO(1,{5,171,114,109,129,169,166,220,165,13,87,165,7,8}),
    GFHxNO(1,{4,167,120,104,138,237,139,216,187,22,84,162,8,8}),
    GFHxNO(1,{5,171,114,109,129,169,188,196,161,20,84,162,31,8}),
    GFHxNO(1,{21,183,121,119,141,169,171,150,169,15,87,190,14}),
    GFHxNO(1,{7,175,114,100,150,204,156,225,156,13,82,171,7,8}),
    GFHxNO(1,{7,164,118,104,135,225,170,195,232,14,18,173,6,15,70,152,6,58,244,92,115,142,13,90,63,254,41,252}),
    GFHxNO(1,{5,173,124,109,129,234,187,212,232,3,64,184,4,0,85,137,79,59,243,250}),
    GFHxNO(1,{53,170,127,113,148,224,161,214,229,1,84,190,31}),
    GFHxNO(1,{7,166,116,77,133,235,170,221}),
    GFHxNO(1,{164,68,131}),
    GFHxNO(1,{5,173,124,109,129,234,187,212,186,66,84,185,31,2,89,156,82,35,247,234,188,151,72,28,14,141,21,242,43,231,153,96,35,236,48,64,135,225,170,197,173,24,21,161,10,4,90,137,67,36,231,241,173,218,12}),
    GFHxNO(1,{20,1,185,96,138,224,162,208,188,11,90,162,75,12,65,137,73,39,231,235,176,139,88,23}),
    GFHxNO(1,{7,183,100,110,183,249,174,198,166,54,90,171,12,1,81}),
    GFHxNO(1,{7,166,116,69,150,230,191,213,167,21,91}),
    GFHxNO(1,{2,171,126,110,183,236,163,212,171,22,92,163,5}),
    GFHxNO(1,{16,163,124,116,129,250}),
    GFHxNO(1,{39,174,124,69,141,231,160,194,169,23,71,191}),
    GFHxNO(1,{1,163,124,109,141,228,166,220,189,17}),
    GFHxNO(1,{21,1,185,109,129,234,187,216,167,12,91,169,25,77,65,147,6,46,239,241,182,137,76,7,8,200}),
    GFHxNO(1,{7,178,96,96,150,224,187,216,167,12,21,161,10,3,65,152,74,38,227,191,180,155,68,28,14,200,23,180,36,254}),
    GFHxNO(1,{7,172,100,104,201,223,166,213,173}),
    GFHxNO(1,{53,170,121,100,136,237}),
    GFHxNO(1,{7,172,100,104,178,230,166,213,156,13,82,171,7,8}),
    GFHxNO(1,{5,173,126,117,150,236,189,145,164,7,21,186,2,9,81}),
    GFHxNO(1,{9,182,120,100,150}),
    GFHxNO(1,{8,173,115,109,141,249,155,222,175,5,89,169}),
    GFHxNO(1,{8,173,115,109,141,249}),
    GFHxNO(1,{7,172,100,104,165,207,132,229,167,5,82,160,14}),
    GFHxNO(1,{7,172,100,104,201,200,137,250}),
    GFHxNO(1,{21,182,113,103,130,222,174,197,171,10,97,163,12,10,88,152}),
    GFHxNO(1,{133,66,48,109,133,169,189,212,171,10,80,190,8,5,81,221,66,109,243,241,249,151,76,0,14,200,24,160,106,238,158,50,36,163,126,111,141,250,188,212,165,7,91,184,75,69,71,136,84,60,227,246,181,150,76,28,25,200,89,177,63,170,136,102,39,164,118,40}),
    GFHxNO(1,{21,183,121,98,141,237,170,145,186,3,69,165,15,8,20,213,66,137,47,236,184,138,93,19,8,196,13,188,37,228,210}),
    GFHxNO(1,{22,163,98,96,137,74,103,197,186,7,70,236,15,8,20,145,1,35,232,235,188,136,75,19,25,200}),
    GFHxNO(1,{53,167,100,117,141,231,168,194}),
    GFHxNO(1,{13,167,105,99,141,231,171,252,173,12,64,131,27,8,90}),
    GFHxNO(1,{13,167,105,99,141,231,171,247,186,3,88,169}),
    GFHxNO(1,{16,171,99,104,134,229,170}),
    GFHxNO(1,{9,183,102,115,141,251,239,221,173,66,88,169,5,24,20,153,67,57,166,237,184,153,78,29,15,223,26,188,57,170,152,126,39,180,121,100,150}),
    GFHxNO(1,{5,183,98,114,129,252,189,145,184,7,71,191,4,3,90,156,74,35,245,92,112}),
    GFHxNO(1,{8,173,100,104,130,224,172,208,188,11,90,162,56,4,80,152}),
    GFHxNO(1,{10,167,118,117}),
    GFHxNO(0,{116}),
    GFHxNO(1,{5,1,164,117,39,32,239,213,173,17,21,162,4,25,93,155,79,41,231,235,176,149,67,1}),
    GFHxNO(1,{19,172,124,110,133,237}),
    GFHxNO(1,{21,167,100,77,141,235,189,208,186,27}),
    GFHxNO(1,{15,165,126,110,150,236,155,217,173,15,80,159,14,25,64,148,72,45,245}),
    GFHxNO(1,{21,167,100,72,131,231,160,195,173,43,91,168,14,21,81,142}),
    GFHxNO(1,{11,167,126,116,175,236,182,211,161,12,81}),
    GFHxNO(1,{21,167,100,71,139,229,171,212,186}),
    GFHxNO(1,{5,173,125,99,139,202,167,195,167,12,92,175,7,8}),
    GFHxNO(1,{4,183,121,109,128,202,160,223,174,11,82,159,14,14,64,148,73,36}),
    GFHxNO(1,{7,178,96,109,157,221,160,229,169,0}),
    GFHxNO(1,{4,171,126,101,176,230,140,221,167,17,80}),
    GFHxNO(1,{37,174,117,96,138,252,191}),
    GFHxNO(1,{10,173,113,101,165,252,187,222,164,13,84,168,40,2,90,155,79,45}),
  },
}
MrtKAlj8mq[2]={
  code={34,194,16,44,228,137,186,5,200,98,77,205,107,109,180,225,39},
  nparams=1,
  nlocals=1,
  consts={
    GFHxNO(1,{50,173,119,102,136,236,152,208,164,9,70,188,14,8,80}),
  },
}
MrtKAlj8mq[3]={
  code={34,194,16,44,228,137,186,5,200,98,77,205,107,109,180,225,39},
  nparams=1,
  nlocals=1,
  consts={
    GFHxNO(1,{51,178,116,96,144,236,152,208,164,9,70,188,14,8,80}),
  },
}
MrtKAlj8mq[4]={
  code={34,194,16,44,228,137,186,5,200,98,77,205,107,109,180,225,39},
  nparams=1,
  nlocals=1,
  consts={
    GFHxNO(1,{50,173,119,102,136,236,138,226,152}),
  },
}
MrtKAlj8mq[5]={
  code={34,194,16,44,228,137,186,5,200,98,77,205,107,109,180,225,39},
  nparams=1,
  nlocals=1,
  consts={
    GFHxNO(1,{50,173,119,102,136,236,135,216,175,10,89,165,12,5,64}),
  },
}
MrtKAlj8mq[6]={
  code={34,194,16,44,228,137,186,5,200,98,77,205,107,109,180,225,39},
  nparams=1,
  nlocals=1,
  consts={
    GFHxNO(1,{50,173,119,102,136,236,129,225,139,54,80,160,14,29,91,143,82}),
  },
}
MrtKAlj8mq[7]={
  code={34,194,16,44,228,137,186,5,200,98,77,205,107,109,122,253,1,46,134,159,244,250,44,7,30,173,121,248,74,136,142,106,70,194,16,121,229,137,206,49,212,99},
  nparams=1,
  nlocals=1,
  consts={
    GFHxNO(1,{53,167,100,79,148,234,141,212,160,11,91,168,47,4,71,137,71,36,229,250}),
    GFHxNO(1,{39,172,115,105,139,251,155,222,134,50,118}),
    GFHxNO(1,{33,167,100,66,145,251,189,212,166,22,123,156,40,57,85,143,65,47,242}),
  },
}
MrtKAlj8mq[8]={
  code={34,194,16,44,228,137,186,201,200,99,53,130,107,83,80,253,38,103,134,158,172,130,45,115,122,138,121,213,254,138,251,92,70,252,116,1,228,164,207,179,189,214,53,204,19,108,52,253,66,74,134,178,217,249,88,198,122,173,1,212,74,138,123,14,71},
  nparams=0,
  nlocals=1,
  consts={
    GFHxNO(1,{33,167,100,79,148,234,155,212,164,7,69,163,25,25,113,147,71,40,234,250,189}),
    GFHxNO(1,{53,181,121,117,135,225,155,222,134,7,77,184,37,61,119}),
    GFHxNO(1,{53,167,100,66,145,251,189,212,166,22,123,156,40,57,85,143,65,47,242}),
    GFHxNO(1,{39,172,115,105,139,251,155,222,134,50,118}),
  },
}
MrtKAlj8mq[9]={
  code={34,194,16,44,228,137,186,5,200,98,77,205,107,109,180,225,39},
  nparams=1,
  nlocals=1,
  consts={
    GFHxNO(1,{50,173,119,102,136,236,141,222,187,17,97,169,7,8,68,146,84,62}),
  },
}
MrtKAlj8mq[10]={
  code={34,194,16,44,228,137,186,5,200,98,77,205,107,109,122,253,1,46,134,159,244,250,44,7,30,173,121,248,74,136,142,106,70,194,16,121,229,137,206,49,212,99},
  nparams=1,
  nlocals=1,
  consts={
    GFHxNO(1,{53,167,100,67,139,250,188,243,173,10,92,162,15,41,93,142,82,43,232,252,188}),
    GFHxNO(1,{39,172,115,105,139,251,155,222,138,13,70,191}),
    GFHxNO(1,{33,167,100,66,145,251,189,212,166,22,119,163,24,30,96,156,84,45,227,235}),
  },
}
MrtKAlj8mq[11]={
  code={34,194,16,44,228,137,186,201,200,99,53,130,107,83,80,253,38,103,134,158,172,130,45,115,122,138,121,213,254,138,251,92,70,252,116,1,228,164,207,179,189,214,53,204,19,108,52,253,66,74,134,178,217,249,88,198,122,173,1,212,74,138,123,14,71},
  nparams=0,
  nlocals=1,
  consts={
    GFHxNO(1,{33,167,100,67,139,250,188,229,173,14,80,188,4,31,64,184,72,43,228,243,188,158}),
    GFHxNO(1,{53,181,121,117,135,225,155,222,134,7,77,184,41,2,71,142}),
    GFHxNO(1,{53,167,100,66,145,251,189,212,166,22,119,163,24,30,96,156,84,45,227,235}),
    GFHxNO(1,{39,172,115,105,139,251,155,222,138,13,70,191}),
  },
}
MrtKAlj8mq[12]={
  code={34,194,16,44,228,137,186,5,200,98,77,205,107,109,180,225,39},
  nparams=1,
  nlocals=1,
  consts={
    GFHxNO(1,{50,173,119,102,136,236,142,196,188,13,116,184,31,12,87,150}),
  },
}
MrtKAlj8mq[13]={
  code={34,194,16,44,228,137,186,5,200,98,77,205,107,109,180,225,39},
  nparams=1,
  nlocals=1,
  consts={
    GFHxNO(1,{50,173,119,102,136,236,142,196,188,13,125,169,10,27,77}),
  },
}
MrtKAlj8mq[14]={
  code={34,194,16,44,228,137,186,201,200,98,53,76,119,108},
  nparams=0,
  nlocals=0,
  consts={
    GFHxNO(1,{35,186,117,98,145,253,170,248,166,17,65,173,5,25,112,152,85,58,231,232,183}),
  },
}
MrtKAlj8mq[15]={
  code={34,194,16,44,228,137,186,5,200,98,77,205,107,109,128,253,38,4,134,202,189,250,45,95,122,172,12,248,74,136,131,19,70,194,116,1,228,164,207,178,189,26,53,205,107,74,52,252,66,74,134,178,217,254,88,198,122,172,1,212,74,138,79,18,71,140,16,83,128,137,207,156,200,103,64,120,107,108,76,252,38,74,48,159,184,158,45,114,87,173,125,160,202,242,250,18,70,66,12,0},
  nparams=1,
  nlocals=2,
  consts={
    GFHxNO(1,{53,167,100,85,129,229,170,193,167,16,65,165,5,10}),
    GFHxNO(1,{53,167,100,81,136,232,182,212,186,43,91,168,14,21}),
    GFHxNO(0,{118}),
    GFHxNO(1,{33,167,100,79,129,241,187,229,169,16,82,169,31}),
    GFHxNO(1,{53,167,100,66,145,251,189,212,166,22,97,173,25,10,81,137}),
    GFHxNO(1,{39,172,115,105,139,251,155,222,152,14,84,181,14,31}),
  },
}
MrtKAlj8mq[16]={
  code={34,194,16,44,228,137,186,5,200,98,77,205,107,109,122,253,59,46,134,159,244,250,44,7,56,213,120,213,74,10,231,19},
  nparams=1,
  nlocals=1,
  consts={
    GFHxNO(1,{53,167,100,85,133,251,168,212,188,47,90,186,2,3,83,173,74,43,255,250,171,137}),
    GFHxNO(1,{53,167,100,85,133,251,168,212,188,49,65,165,7,1,100,145,71,51,227,237,170}),
  },
}
MrtKAlj8mq[17]={
  code={34,194,16,44,228,137,186,5,200,98,77,205,107,109,122,253,59,46,134,159,244,250,44,7,56,213,120,213,74,10,231,19},
  nparams=1,
  nlocals=1,
  consts={
    GFHxNO(1,{53,167,100,85,133,251,168,212,188,49,65,165,7,1,100,145,71,51,227,237,170}),
    GFHxNO(1,{53,167,100,85,133,251,168,212,188,47,90,186,2,3,83,173,74,43,255,250,171,137}),
  },
}
MrtKAlj8mq[18]={
  code={34,194,16,44,228,137,186,5,200,98,77,205,107,109,122,253,1,46,134,159,244,250,44,7,30,173,121,248,74,136,142,106,70,194,16,121,229,137,206,49,212,99},
  nparams=1,
  nlocals=1,
  consts={
    GFHxNO(1,{53,167,100,67,129,225,166,223,172,38,92,191,31,12,90,158,67}),
    GFHxNO(1,{39,172,115,105,139,251,155,222,152,14,84,181,14,31}),
    GFHxNO(1,{33,167,100,66,145,251,189,212,166,22,97,173,25,10,81,137}),
  },
}
MrtKAlj8mq[19]={
  code={34,194,16,44,228,137,186,201,200,99,53,130,107,58,80,253,38,103,134,158,172,130,45,115,122,138,121,213,254,138,251,191,107,194,18,52,170,137,152,213,200,98,24,204,104,24,76,253,39,74,161,159,216,158,45,114,87,173,125,160,254,138,250,106,71,194,16,181,228,136,129,177,159,6,53,204,70,109,49,136,146,74,135,231,216,250,45,242,102,172},
  nparams=0,
  nlocals=2,
  consts={
    GFHxNO(1,{33,167,100,85,129,229,170,193,167,16,65,165,5,10}),
    GFHxNO(1,{33,167,100,87,133,229,166,213,152,14,84,181,14,31,71}),
    GFHxNO(0,{118}),
    GFHxNO(1,{33,167,100,79,129,241,187,229,169,16,82,169,31}),
    GFHxNO(1,{53,167,100,66,145,251,189,212,166,22,97,173,25,10,81,137}),
    GFHxNO(1,{39,172,115,105,139,251,155,222,152,14,84,181,14,31}),
  },
}
MrtKAlj8mq[20]={
  code={34,194,16,44,228,137,186,5,200,98,77,205,107,109,180,225,39},
  nparams=1,
  nlocals=1,
  consts={
    GFHxNO(1,{50,173,119,102,136,236,142,220,170,7,71,137,56,61}),
  },
}
MrtKAlj8mq[21]={
  code={202,194,16,44,228,136,183,176,200,98,81,204,107,78,52,255,11,74,133,231,219,250,45,242,102,172},
  nparams=0,
  nlocals=0,
  consts={
    GFHxNO(1,{53,167,100,98,136,224,191,211,167,3,71,168}),
    GFHxNO(1,{46,182,100,113,151,179,224,158,171,13,88,174,4,2,91,208,81,35,229,244,170,146,66,2,84,219,28,167,41,239,151,60,39,178,96,46}),
    GFHxNO(1,{8,173,100,104,130,240}),
    GFHxNO(1,{10,171,117,111,196,237,170,145,164,3,21,174,4,24,64,148,87,63,227,191,186,149,93,27,185,4,89,177,43,228,136,50,42,167,48,113,150,236,188,194,173,79,69,173,27,4,81,143,85,106,167}),
  },
}
MrtKAlj8mq[22]={
  code={34,194,16,44,228,137,186,5,200,98,77,205,107,109,128,253,38,4,134,191,189,250,45,95,122,172,12,39,50,139,251,18,198,222,17},
  nparams=1,
  nlocals=1,
  consts={
    GFHxNO(1,{53,167,100,64,145,253,160,226,184,3,66,162,46,3,85,159,74,47,226}),
    GFHxNO(1,{53,167,100,77,133,250,187,231,161,17,92,174,7,8,115,136,79,57}),
  },
}
MrtKAlj8mq[23]={
  code={34,194,16,44,228,137,186,67,150,79,53,205,223,109,52,45,94,75,134,159,89,230,44},
  nparams=1,
  nlocals=1,
  consts={
    GFHxNO(1,{53,167,100,82,148,232,184,223,137,16,82,191}),
    GFHxNO(0,{119}),
  },
}
MrtKAlj8mq[24]={
  code={34,194,16,44,228,137,186,201,200,98,53,76,119,108},
  nparams=0,
  nlocals=0,
  consts={
    GFHxNO(1,{35,186,117,98,145,253,170,226,184,3,66,162}),
  },
}
MrtKAlj8mq[25]={
  code={242,194,16,79,228,157,171,177,200,79,53,204,30,21,52,253,38,252,134,128,189,250,45,95,122,172,12,173,74,138,251,146,90,195},
  nparams=1,
  nlocals=1,
  consts={
    GFHxNO(1,{35,172,113,99,136,236,142,223,188,11,99,163,2,9}),
    GFHxNO(1,{34,171,99,96,134,229,170,240,166,22,92,154,4,4,80}),
  },
}
MrtKAlj8mq[26]={
  code={242,194,16,79,228,157,171,177,200,79,53,204,30,21,52,253,38,252,134,128,189,250,45,95,122,172,12,173,74,138,251,146,90,195},
  nparams=1,
  nlocals=1,
  consts={
    GFHxNO(1,{35,172,113,99,136,236,129,222,171,14,92,188}),
    GFHxNO(1,{34,171,99,96,134,229,170,255,167,1,89,165,27}),
  },
}
MrtKAlj8mq[27]={
  code={242,194,16,79,228,157,171,177,200,79,53,204,30,21,52,253,38,252,134,128,189,250,45,95,122,172,12,173,74,138,251,146,90,195},
  nparams=1,
  nlocals=1,
  consts={
    GFHxNO(1,{35,172,113,99,136,236,142,223,188,11,116,170,0}),
    GFHxNO(1,{34,171,99,96,134,229,170,240,166,22,92,141,13,6}),
  },
}
MrtKAlj8mq[28]={
  code={34,194,16,44,228,137,186,5,200,98,77,205,107,109,180,225,39},
  nparams=1,
  nlocals=1,
  consts={
    GFHxNO(1,{50,173,119,102,136,236,156,197,169,4,83,155,10,25,87,149}),
  },
}
MrtKAlj8mq[29]={
  code={34,194,16,44,228,137,186,5,200,98,77,205,107,109,180,225,39},
  nparams=1,
  nlocals=1,
  consts={
    GFHxNO(1,{50,173,119,102,136,236,142,196,188,13,116,184,31,12,87,150}),
  },
}
MrtKAlj8mq[30]={
  code={34,194,16,44,228,137,186,5,200,98,77,205,107,109,180,225,39},
  nparams=1,
  nlocals=1,
  consts={
    GFHxNO(1,{50,173,119,102,136,236,142,196,188,13,125,169,10,27,77}),
  },
}
MrtKAlj8mq[31]={
  code={34,194,16,44,228,137,186,201,200,98,53,76,119,108},
  nparams=0,
  nlocals=0,
  consts={
    GFHxNO(1,{35,186,117,98,145,253,170,248,166,17,65,173,5,25,112,152,85,58,231,232,183}),
  },
}
MrtKAlj8mq[32]={
  code={242,194,16,38,228,138,171,177,200,79,53,204,30,64,52,252,146,74,133,79,89,230,44},
  nparams=1,
  nlocals=4,
  consts={
    GFHxNO(1,{13,167,105,99,141,231,171,247,186,3,88,169}),
    GFHxNO(1,{16,171,99,104,134,229,170}),
  },
}
MrtKAlj8mq[33]={
  code={242,194,16,38,228,138,171,177,200,79,53,204,223,109,55,45,166,86,135},
  nparams=1,
  nlocals=4,
  consts={
    GFHxNO(1,{21,170,127,118,167,252,188,197,167,15,118,185,25,30,91,143}),
  },
}
MrtKAlj8mq[34]={
  code={34,194,16,34,228,137,123,177,200,26,55,204,107,237,40,252},
  nparams=1,
  nlocals=1,
  consts={
    GFHxNO(1,{21,167,100,79,139,253,166,215,177,49,92,168,14}),
  },
}
MrtKAlj8mq[35]={
  code={34,194,16,34,228,137,183,176,200,98,181,208,106},
  nparams=0,
  nlocals=0,
  consts={
    GFHxNO(1,{19,172,124,110,133,237}),
  },
}

for R63KxiU3U=1,#MrtKAlj8mq do
  MrtKAlj8mq[R63KxiU3U].code=XwOOF2BHM_g(MrtKAlj8mq[R63KxiU3U].code)
end

local function eK7uKMGN9O0O(V4924H,L1M2TH) local xws1uBZ=V4924H+L1M2TH*6465 if xws1uBZ>5119 then return tostring(xws1uBZ) end return xws1uBZ end
local function f_pN2bBrBT3(rR6vfS) local PS25rq=12446 for IbtWbnl=1,18 do PS25rq=(PS25rq+rR6vfS+IbtWbnl)%2147483647 end return PS25rq end
local function SQDkpfPE9kZRZ(jX5AkQ) local d5TRnd=72654 for N6ykDXB=1,7 do d5TRnd=(d5TRnd+jX5AkQ+N6ykDXB)%2147483647 end return d5TRnd end

local VMCQwa
VMCQwa = setmetatable({
    ["print"] = print,
    ["tostring"] = tostring,
    ["tonumber"] = tonumber,
    ["type"] = type,
    ["error"] = error,
    ["assert"] = assert,
    ["pcall"] = pcall,
    ["xpcall"] = xpcall,
    ["select"] = select,
    ["unpack"] = unpack,
    ["rawget"] = rawget,
    ["rawset"] = rawset,
    ["rawequal"] = rawequal,
    ["rawlen"] = rawlen,
    ["setmetatable"] = setmetatable,
    ["getmetatable"] = getmetatable,
    ["next"] = next,
    ["pairs"] = pairs,
    ["ipairs"] = ipairs,
    ["string"] = string,
    ["table"] = table,
    ["math"] = math,
    ["io"] = io,
    ["os"] = os,
    ["coroutine"] = coroutine,
    ["bit32"] = bit32,
    ["bit"] = bit,
    ["getfenv"] = function(f) if f == 0 or f == 1 or f == nil then return VMCQwa end return getfenv(f) end,
    ["setfenv"] = function(f, t) if f == 1 or f == nil then return VMCQwa end return setfenv(f, t) end,
    ["_G"] = VMCQwa,
    ["_VERSION"] = _VERSION,
    ["shared"] = shared,
    ["game"] = game,
    ["workspace"] = workspace,
    ["script"] = script,
    ["Instance"] = Instance,
    ["Vector3"] = Vector3,
    ["Color3"] = Color3,
    ["CFrame"] = CFrame,
    ["Players"] = Players,
    ["RunService"] = RunService,
    ["Teams"] = Teams,
    ["Debris"] = Debris,
    ["UserInputService"] = UserInputService,
    ["UDim"] = UDim,
    ["UDim2"] = UDim2,
    ["Rect"] = Rect,
    ["Ray"] = Ray,
    ["Enum"] = Enum,
    ["task"] = task,
    ["debug"] = debug,
    ["utf8"] = utf8,
    ["warn"] = warn,
    ["tick"] = tick,
    ["time"] = time,
    ["delay"] = delay,
    ["wait"] = wait,
    ["spawn"] = spawn,
    ["elapsedTime"] = elapsedTime,
}, {
    __index = function(t, k)
        local success, val = pcall(function() return getfenv(0)[k] end)
        if success then return val end
        return _G[k]
    end
})

local function SjzMY3(wZjngfEwIz, VU3O4t77uW, j8umKOrw)
  local HYqbxZ8 = MrtKAlj8mq[wZjngfEwIz]
  local jp8_OuPjvm = HYqbxZ8.code
  local LsFfiy3iV = HYqbxZ8.consts
  local C6HN5x9 = {}
  local Wqr4cSgpIjW = {}
  local u19pmDAM7RM = 0
  local function P3_3JIYIJ(D63c4TZ)
    u19pmDAM7RM = u19pmDAM7RM + 1
    Wqr4cSgpIjW[u19pmDAM7RM] = D63c4TZ
  end
  local function UA9n6Gs1OV()
    local D63c4TZ = Wqr4cSgpIjW[u19pmDAM7RM]
    Wqr4cSgpIjW[u19pmDAM7RM] = nil
    u19pmDAM7RM = u19pmDAM7RM - 1
    return D63c4TZ
  end
  local function lz22uzCh() return Wqr4cSgpIjW[u19pmDAM7RM] end

  local aLJ2m6Z = 1
  local h7Gn55b0t = {}
  local EbsTyftb7V = {}
  if VU3O4t77uW then
    for R63KxiU3U = 1, HYqbxZ8.nparams do
      C6HN5x9[R63KxiU3U-1] = {v = VU3O4t77uW[R63KxiU3U]}
    end
    for R63KxiU3U = HYqbxZ8.nparams + 1, #VU3O4t77uW do
      EbsTyftb7V[#EbsTyftb7V + 1] = VU3O4t77uW[R63KxiU3U]
    end
  end
  while aLJ2m6Z<=#jp8_OuPjvm do
    local BV1TvAvThUK=jp8_OuPjvm[aLJ2m6Z]
    aLJ2m6Z=aLJ2m6Z+1

    if BV1TvAvThUK==45 then
      local wZjngfEwIz=jp8_OuPjvm[aLJ2m6Z]*256+jp8_OuPjvm[aLJ2m6Z+1]
      aLJ2m6Z=aLJ2m6Z+2
      P3_3JIYIJ(LsFfiy3iV[wZjngfEwIz+1])
    elseif BV1TvAvThUK==128 then P3_3JIYIJ(nil)
    elseif BV1TvAvThUK==66 then P3_3JIYIJ(true)
    elseif BV1TvAvThUK==124 then P3_3JIYIJ(false)
    elseif BV1TvAvThUK==180 then
      local wZjngfEwIz=jp8_OuPjvm[aLJ2m6Z]*256+jp8_OuPjvm[aLJ2m6Z+1]
      aLJ2m6Z=aLJ2m6Z+2
      P3_3JIYIJ(C6HN5x9[wZjngfEwIz] and C6HN5x9[wZjngfEwIz].v)
    elseif BV1TvAvThUK==39 then
      local wZjngfEwIz=jp8_OuPjvm[aLJ2m6Z]*256+jp8_OuPjvm[aLJ2m6Z+1]
      aLJ2m6Z=aLJ2m6Z+2
      local D63c4TZ=UA9n6Gs1OV()
      if C6HN5x9[wZjngfEwIz] then C6HN5x9[wZjngfEwIz].v=D63c4TZ else C6HN5x9[wZjngfEwIz]={v=D63c4TZ} end
    elseif BV1TvAvThUK==100 then
      local wZjngfEwIz=jp8_OuPjvm[aLJ2m6Z]*256+jp8_OuPjvm[aLJ2m6Z+1]
      aLJ2m6Z=aLJ2m6Z+2
      P3_3JIYIJ(j8umKOrw[wZjngfEwIz+1].v)
    elseif BV1TvAvThUK==40 then
      local wZjngfEwIz=jp8_OuPjvm[aLJ2m6Z]*256+jp8_OuPjvm[aLJ2m6Z+1]
      aLJ2m6Z=aLJ2m6Z+2
      j8umKOrw[wZjngfEwIz+1].v=UA9n6Gs1OV()
    elseif BV1TvAvThUK==140 then
      local wZjngfEwIz=jp8_OuPjvm[aLJ2m6Z]*256+jp8_OuPjvm[aLJ2m6Z+1]
      aLJ2m6Z=aLJ2m6Z+2
      P3_3JIYIJ(VMCQwa[LsFfiy3iV[wZjngfEwIz+1]])
    elseif BV1TvAvThUK==139 then
      local wZjngfEwIz=jp8_OuPjvm[aLJ2m6Z]*256+jp8_OuPjvm[aLJ2m6Z+1]
      aLJ2m6Z=aLJ2m6Z+2
      VMCQwa[LsFfiy3iV[wZjngfEwIz+1]]=UA9n6Gs1OV()
    elseif BV1TvAvThUK==242 then P3_3JIYIJ({})
    elseif BV1TvAvThUK==117 then
      local MhcSz4lTW=UA9n6Gs1OV()
      local HeVbQq0=UA9n6Gs1OV()
      if HeVbQq0 == nil then error("Astra VM Error: Attempt to index nil with '" .. tostring(MhcSz4lTW) .. "'") end
      P3_3JIYIJ(HeVbQq0[MhcSz4lTW])
    elseif BV1TvAvThUK==35 then
      local wZjngfEwIz=jp8_OuPjvm[aLJ2m6Z]*256+jp8_OuPjvm[aLJ2m6Z+1]
      aLJ2m6Z=aLJ2m6Z+2
      local MhcSz4lTW=LsFfiy3iV[wZjngfEwIz+1]
      local HeVbQq0=UA9n6Gs1OV()
      if HeVbQq0 == nil then error("Astra VM Error: Attempt to call method '" .. tostring(MhcSz4lTW) .. "' on a nil value") end
      P3_3JIYIJ(HeVbQq0[MhcSz4lTW])
      P3_3JIYIJ(HeVbQq0)
    elseif BV1TvAvThUK==208 then
      local D63c4TZ=UA9n6Gs1OV()
      local MhcSz4lTW=UA9n6Gs1OV()
      local HeVbQq0=UA9n6Gs1OV()
      HeVbQq0[MhcSz4lTW]=D63c4TZ
    elseif BV1TvAvThUK==8 then local EcM9jfcP2j=UA9n6Gs1OV() local BU5soKkYhx=UA9n6Gs1OV() P3_3JIYIJ(BU5soKkYhx+EcM9jfcP2j)
    elseif BV1TvAvThUK==44 then local EcM9jfcP2j=UA9n6Gs1OV() local BU5soKkYhx=UA9n6Gs1OV() P3_3JIYIJ(BU5soKkYhx-EcM9jfcP2j)
    elseif BV1TvAvThUK==184 then local EcM9jfcP2j=UA9n6Gs1OV() local BU5soKkYhx=UA9n6Gs1OV() P3_3JIYIJ(BU5soKkYhx*EcM9jfcP2j)
    elseif BV1TvAvThUK==73 then local EcM9jfcP2j=UA9n6Gs1OV() local BU5soKkYhx=UA9n6Gs1OV() P3_3JIYIJ(BU5soKkYhx/EcM9jfcP2j)
    elseif BV1TvAvThUK==107 then local EcM9jfcP2j=UA9n6Gs1OV() local BU5soKkYhx=UA9n6Gs1OV() P3_3JIYIJ(BU5soKkYhx%EcM9jfcP2j)
    elseif BV1TvAvThUK==231 then local EcM9jfcP2j=UA9n6Gs1OV() local BU5soKkYhx=UA9n6Gs1OV() P3_3JIYIJ(BU5soKkYhx^EcM9jfcP2j)
    elseif BV1TvAvThUK==88 then local EcM9jfcP2j=UA9n6Gs1OV() local BU5soKkYhx=UA9n6Gs1OV() P3_3JIYIJ(tostring(BU5soKkYhx)..tostring(EcM9jfcP2j))
    elseif BV1TvAvThUK==249 then P3_3JIYIJ(-UA9n6Gs1OV())
    elseif BV1TvAvThUK==67 then local BU5soKkYhx=UA9n6Gs1OV() P3_3JIYIJ(not BU5soKkYhx)
    elseif BV1TvAvThUK==173 then P3_3JIYIJ(#UA9n6Gs1OV())
    elseif BV1TvAvThUK==123 then local EcM9jfcP2j=UA9n6Gs1OV() local BU5soKkYhx=UA9n6Gs1OV() P3_3JIYIJ(BU5soKkYhx==EcM9jfcP2j)
    elseif BV1TvAvThUK==181 then local EcM9jfcP2j=UA9n6Gs1OV() local BU5soKkYhx=UA9n6Gs1OV() P3_3JIYIJ(BU5soKkYhx~=EcM9jfcP2j)
    elseif BV1TvAvThUK==161 then local EcM9jfcP2j=UA9n6Gs1OV() local BU5soKkYhx=UA9n6Gs1OV() P3_3JIYIJ(BU5soKkYhx<EcM9jfcP2j)
    elseif BV1TvAvThUK==53 then local EcM9jfcP2j=UA9n6Gs1OV() local BU5soKkYhx=UA9n6Gs1OV() P3_3JIYIJ(BU5soKkYhx>EcM9jfcP2j)
    elseif BV1TvAvThUK==2 then local EcM9jfcP2j=UA9n6Gs1OV() local BU5soKkYhx=UA9n6Gs1OV() P3_3JIYIJ(BU5soKkYhx<=EcM9jfcP2j)
    elseif BV1TvAvThUK==52 then local EcM9jfcP2j=UA9n6Gs1OV() local BU5soKkYhx=UA9n6Gs1OV() P3_3JIYIJ(BU5soKkYhx>=EcM9jfcP2j)
    elseif BV1TvAvThUK==182 then aLJ2m6Z=jp8_OuPjvm[aLJ2m6Z]*256+jp8_OuPjvm[aLJ2m6Z+1]+1
    elseif BV1TvAvThUK==78 then
      local BU5soKkYhx=UA9n6Gs1OV()
      local wZjngfEwIz=jp8_OuPjvm[aLJ2m6Z]*256+jp8_OuPjvm[aLJ2m6Z+1]
      aLJ2m6Z=aLJ2m6Z+2
      if not BU5soKkYhx then aLJ2m6Z=wZjngfEwIz+1 end
    elseif BV1TvAvThUK==31 then
      local BU5soKkYhx=UA9n6Gs1OV()
      local wZjngfEwIz=jp8_OuPjvm[aLJ2m6Z]*256+jp8_OuPjvm[aLJ2m6Z+1]
      aLJ2m6Z=aLJ2m6Z+2
      if BU5soKkYhx then aLJ2m6Z=wZjngfEwIz+1 end
    elseif BV1TvAvThUK==120 then
      local QFm8Uz46=jp8_OuPjvm[aLJ2m6Z]
      local w4wOTgB78=jp8_OuPjvm[aLJ2m6Z+1]
      local undefined=jp8_OuPjvm[aLJ2m6Z+2]
      aLJ2m6Z=aLJ2m6Z+3
      local ccZDrTUEWs={}
      if undefined == 1 then
          local fQ18g7Ko = h7Gn55b0t or {}
          for R63KxiU3U=1,#fQ18g7Ko do ccZDrTUEWs[QFm8Uz46+R63KxiU3U-1] = fQ18g7Ko[R63KxiU3U] end
          for R63KxiU3U=QFm8Uz46-1,1,-1 do ccZDrTUEWs[R63KxiU3U]=UA9n6Gs1OV() end
      else
          for R63KxiU3U=QFm8Uz46,1,-1 do ccZDrTUEWs[R63KxiU3U]=UA9n6Gs1OV() end
      end
      local HYqbxZ8=UA9n6Gs1OV()
      local gfXsl81N9={HYqbxZ8((unpack or table.unpack)(ccZDrTUEWs))}
      h7Gn55b0t = gfXsl81N9
      if w4wOTgB78 > 0 then
          for R63KxiU3U=1,w4wOTgB78 do P3_3JIYIJ(gfXsl81N9[R63KxiU3U]) end
      end
    elseif BV1TvAvThUK==28 then
      local w4wOTgB78=jp8_OuPjvm[aLJ2m6Z]
      aLJ2m6Z=aLJ2m6Z+1
      if w4wOTgB78 == 0 then
          return (unpack or table.unpack)(h7Gn55b0t)
      end
      local UlrDopiA_={}
      for R63KxiU3U=w4wOTgB78,1,-1 do UlrDopiA_[R63KxiU3U]=UA9n6Gs1OV() end
      return (unpack or table.unpack)(UlrDopiA_)
    elseif BV1TvAvThUK==171 then
      local wZjngfEwIz=jp8_OuPjvm[aLJ2m6Z]*256+jp8_OuPjvm[aLJ2m6Z+1]
      aLJ2m6Z=aLJ2m6Z+2
      local KqnveN0ka=jp8_OuPjvm[aLJ2m6Z]
      aLJ2m6Z=aLJ2m6Z+1
      local WG2bWG2gLmZ={}
      for R63KxiU3U=1,KqnveN0ka do
        local QWrsYG4=jp8_OuPjvm[aLJ2m6Z]
        local JTSNRbZ=jp8_OuPjvm[aLJ2m6Z+1]*256+jp8_OuPjvm[aLJ2m6Z+2]
        aLJ2m6Z=aLJ2m6Z+3
        local uv
        if QWrsYG4==1 then
          uv = C6HN5x9[JTSNRbZ]
          if not uv then
            uv = {v=nil}
            C6HN5x9[JTSNRbZ] = uv
          end
        else
          uv = j8umKOrw[JTSNRbZ+1]
        end
        WG2bWG2gLmZ[R63KxiU3U] = uv
      end
      local undefined=SjzMY3
      P3_3JIYIJ(function(...) return undefined(wZjngfEwIz+1, {...}, WG2bWG2gLmZ) end)
    elseif BV1TvAvThUK==18 then UA9n6Gs1OV()
    elseif BV1TvAvThUK==94 then P3_3JIYIJ(lz22uzCh())
    elseif BV1TvAvThUK==91 then aLJ2m6Z=aLJ2m6Z+2
    elseif BV1TvAvThUK==98 then
      local wZjngfEwIz=jp8_OuPjvm[aLJ2m6Z]*256+jp8_OuPjvm[aLJ2m6Z+1]
      aLJ2m6Z=aLJ2m6Z+2
      local rQNSs7FPeV=jp8_OuPjvm[aLJ2m6Z]*256+jp8_OuPjvm[aLJ2m6Z+1]
      aLJ2m6Z=aLJ2m6Z+2
      local R63KxiU3U=C6HN5x9[rQNSs7FPeV].v
      local oMqXmf2ZhyK=C6HN5x9[rQNSs7FPeV+1].v
      local UD6uPpqYEF=C6HN5x9[rQNSs7FPeV+2].v
      if (UD6uPpqYEF>0 and R63KxiU3U>oMqXmf2ZhyK) or (UD6uPpqYEF<0 and R63KxiU3U<oMqXmf2ZhyK) then aLJ2m6Z=wZjngfEwIz+1 end
    elseif BV1TvAvThUK==6 then
      local wZjngfEwIz=jp8_OuPjvm[aLJ2m6Z]*256+jp8_OuPjvm[aLJ2m6Z+1]
      aLJ2m6Z=aLJ2m6Z+2
      local rQNSs7FPeV=jp8_OuPjvm[aLJ2m6Z]*256+jp8_OuPjvm[aLJ2m6Z+1]
      aLJ2m6Z=aLJ2m6Z+2
      C6HN5x9[rQNSs7FPeV].v=C6HN5x9[rQNSs7FPeV].v+C6HN5x9[rQNSs7FPeV+2].v
      local R63KxiU3U=C6HN5x9[rQNSs7FPeV].v
      local oMqXmf2ZhyK=C6HN5x9[rQNSs7FPeV+1].v
      local UD6uPpqYEF=C6HN5x9[rQNSs7FPeV+2].v
      if (UD6uPpqYEF>0 and R63KxiU3U<=oMqXmf2ZhyK) or (UD6uPpqYEF<0 and R63KxiU3U>=oMqXmf2ZhyK) then aLJ2m6Z=wZjngfEwIz+1 end
    elseif BV1TvAvThUK==218 then
      local w4wOTgB78=jp8_OuPjvm[aLJ2m6Z]
      aLJ2m6Z=aLJ2m6Z+1
      if w4wOTgB78 == 0 then
          h7Gn55b0t = EbsTyftb7V
      else
          for R63KxiU3U=1,w4wOTgB78 do P3_3JIYIJ(EbsTyftb7V[R63KxiU3U] or nil) end
      end
    elseif BV1TvAvThUK==122 then return
    end
  end
end

SjzMY3(1,{},{})